-0.19991048645670068 
-0.19856938526836748 
-0.19562952014676116 
-0.19111456115722814 
-0.18506086009479936 
-0.17751715780091082 
-0.16854419173080784 
-0.15821420693126825 
-0.14661037436596527 
-0.13382612127177165 
-0.11996437893758274 
-0.10513675396210094 
-0.08946262966312653 
-0.073068204873279 
-0.05608547786120055 
-0.03865118355911065 
-0.02090569265353069 
-0.0029918814030527215 
0.014946018717284855 
0.03276358228302754 
0.0503173527489017 
0.067465997476566 
0.08407144566191314 
0.10000000000000005 
0.11512341313713476 
0.12931992024315997 
0.142475219390269 
0.15448339184491994 
